dt = 1e-6
IMAX = 500000
T_g = 1700
P_g = 101325
Y_g = 0.009
mu_g = 1.8406383E-5
Sc_g = 1.42
R_g = 286.9
u_g = 0.0
lambda_g = 0.025652
cp_g = 1006.1
fvolpp = 8e-3
D_p = 40e-6
T_p = 300
r_p = 791
cp_p = 2160
R_v = 150.0

